0104958
0000087
6000093
6000181
0007545
1000097
5000163
6000342
0103420
6000044
0102435
5000182
6000244
0105159
0100164
5000126
9001071
1000615
5000121
5000202
6000296
0102039
6000134
6000216
6000167
6000281
3002340
1100005
6000088
5000195
6000034
3001891
6000183
0005079
0102436
1000413
6000292
6000179
6000212
0000047
0105305
2000032
3002905
5000137
1100016
6000218
8005616
5000165
5000205
2000012
3002909
9004066
0006575
6000023
1000929
3001230
6000122
9005294
6000351
6000036
6000347
2000019
6000241
0103256
9003116
6000111
0011088
9001713
6000142
9001001
0010950
9000003
5000176
6000196
4100066
6000080
1001252
3001976
3001131
5000264
0003463
6000137
9003301
6000220
1000882
6000074
1100007
8000811
6000144
1100009
6000037
6000353
6000123
6000165
3000454
3003356
6000116
6000177
6000046
8002764
2000034
6000154
5000149
6000236
6000266
9003378
6000133
0100822
6000114
2000037
8002274
6000195
6000125
6000207
8003952
6000291
9004294
6000223
6000304
0000697
4000066
1000105
0101463
0100740
9000875
6000053
5000164
9000868
0100892
6000288
0104439
6000020
1000993
0100579
6000055
6000028
6000106
6000099
6000029
6000178
5000183
0000631
0100935
6000273
9001317
6000204
6000113
6000303
6000210
6000229
6000287
2000043
1001685
9004242
5000199
6000317
6000068
6000069
6000331
0103344
3003448
8008545
0000794
3003122
6000170
6000084
9001034
6000308
6000043
6000279
6000108
0100855
6000261
6000141
2000025
6000079
5000203
6000345
6000248
6000007
9001184
9002972
3002154
6000238
1001184
0100851
5000188
6000321
5000016
0002136
6000228
6000000
3002594
1000063
6000194
6000090
6000192
6000066
6000120
6000019
6000143
6000240
6000260
6000197
0004294
0000643
9005273
1000288
5000257
6000264
3000759
9000933
6000047
2000033
5000234
2000041
6000319
6000278
8006160
6000162
6000030
9004427
2000036
6000153
6000021
6000344
0101121
5000181
6000166
3003731
1100015
6000160
9001619
6000324
6000214
6000326
6000198
5000190
3000676
6000243
6000027
3002082
0100628
6000124
6000051
2000042
3001336
0104194
0011033
6000128
0100030
6000031
6000231
6000318
6000013
6000213
3000716
6000320
6000239
6000135
9004581
6000005
8008099
0104019
1001195
9003836
4000086
5000123
9002577
6000348
1000580
2000030
0004069
6000103
6000274
6000032
6000185
6000161
0003178
6000282
6000311
5000198
6000095
6000215
6000234
5000129
1100003
6000150
3000148
6000139
9003250
9004199
9005245
6000191
6000119
6000092
5000194
3000323
9004353
6000338
3000469
6000253
0100477
6000121
6000176
6000252
1000947
6000077
6000307
0004498
5000132
6000341
6000049
1100027
6000205
9003135
9000395
6000064
9002004
6000202
5000130
1000875
6000149
6000268
3001319
0011073
6000132
3001569
0102234
6000171
0007323
0101801
6000336
3000945
6000118
9004368
5000125
2000008
6000222
5000197
6000102
6000155
6000159
5000147
6000063
0001677
6000075
3001460
2000022
9002114
6000322
5000192
9000989
3003322
6000033
6000314
1000061
0004028
0002395
2000002
5000120
9002827
6000354
6000003
0000072
9002861
3001555
6000131
3001061
6000189
6000097
0011003
5000175
2000023
6000052
3001826
6000169
0102534
6000257
6000300
6000340
3002411
2000028
6000302
6000164
6000048
6000339
0003793
5000127
6000329
6000130
1100002
6000117
6000237
1100008
0104552
9002090
2000039
6000199
6000250
0100091
9005105
1100017
6000249
6000056
6000211
6000151
6000129
6000350
6000349
6000014
6000306
6000290
6000182
0105003
6000200
6000323
6000086
5000166
6000026
6000012
3001421
5000180
6000035
0004774
6000230
6000190
6000050
6000184
1100023
6000335
6000313
6000112
6000316
6000201
9000747
6000258
6000057
0000051
0101434
6000060
9000029
8006302
6000297
5000196
1100013
6000334
6000045
6000018
0100787
6000330
6000148
5000168
6000259
9000136
6000332
1100025
6000208
0000176
0101060
6000270
6000235
6000008
6000076
1001875
6000254
9000127
6000105
6000001
0102403
6000163
1100014
1001770
3001018
6000058
6000002
0104808
6000072
1100006
6000059
8008998
6000017
6000209
6000071
6000343
9003333
6000310
3001751
6000081
0000952
3003328
6000251
6000221
6000172
6000062
6000232
6000301
5000128
6000061
0100241
0010830
6000087
9000210
5000172
1100011
6000039
6000346
4100246
0101492
0005633
6000277
6000065
6000098
6000225
6000085
